   1.6459585e+00   2.7052658e+02
   6.7480191e+00   3.3589594e+02
   7.2631641e+00   1.6068401e+02
   1.1916620e+01   1.0420914e+02
   1.7190848e+01   2.1782761e+02
   1.9189609e+01   4.4667496e+02
   3.5022029e+01   3.0900869e+02
   3.5252413e+01   3.6751810e+02
   3.5893462e+01   4.1406818e+02
   4.2547830e+01   2.5736829e+02
   4.2942641e+01   1.7929734e+02
   4.2253622e+01   7.9714161e+01
   4.6077734e+01   1.2251311e+02
   6.0886538e+01   2.1739058e+02
   6.4004558e+01   3.3673601e+02
   6.5355100e+01   4.5060697e+01
   6.9022217e+01   3.9599118e+02
   7.5347189e+01   2.7660615e+02
   7.1144541e+01   4.5395850e+02
   7.5403064e+01   9.6342339e+01
   7.6057256e+01   1.5410488e+02
   9.5548139e+01   1.9489044e+02
   9.6151686e+01   2.3824364e+02
   9.5575200e+01   3.1025959e+02
   9.9440186e+01   3.6837524e+02
   9.8244331e+01   2.1480786e+01
   1.0460526e+02   1.2204884e+02
   1.0493983e+02   7.5424135e+01
   1.0418301e+02   4.2046631e+02
   1.2184764e+02   2.7341066e+02
   1.2268926e+02   1.6101563e+02
   1.2581876e+02   3.3710133e+02
   1.2353429e+02   4.5335098e+02
   1.3416560e+02   2.1868231e+02
   1.3488513e+02   3.7732983e+01
   1.3949636e+02   3.9441230e+02
   1.4445113e+02   1.0126775e+02
   1.5342035e+02   3.0971174e+02
   1.5454156e+02   6.5954275e+00
   1.5838702e+02   2.5482497e+02
   1.6233593e+02   1.8017770e+02
   1.6107257e+02   4.3298755e+02
   1.6249741e+02   1.3867072e+02
   1.6268681e+02   3.6238299e+02
   1.6287780e+02   6.3403431e+01
   1.6196927e+02   4.7210215e+02
   1.7925105e+02   2.1679768e+02
   1.8570989e+02   2.7887949e+02
   1.9312703e+02   3.3064286e+02
   1.9302788e+02   9.6509851e+01
   1.9404985e+02   3.6818910e+01
   1.9942823e+02   3.9444869e+02
   2.0064205e+02   4.4632703e+02
   2.1236208e+02   1.7982769e+02
   2.1333277e+02   2.3478327e+02
   2.1196958e+02   4.8415265e+02
   2.2094436e+02   3.6353220e+02
   2.2122831e+02   1.2192709e+02
   2.2170485e+02   3.0329304e+02
   2.2183567e+02   6.3387917e+01
   2.2174500e+02   3.0411718e+00
   2.2927398e+02   2.7071432e+02
   2.3925554e+02   3.3543602e+02
   2.4096966e+02   3.9560804e+02
   2.4630320e+02   1.6228944e+02
   2.5037985e+02   2.1968717e+02
   2.5157780e+02   4.4869084e+02
   2.5290309e+02   9.5827823e+01
   2.5598157e+02   4.4565630e+01
   2.7172879e+02   1.3375968e+02
   2.7361102e+02   2.5779040e+02
   2.7382308e+02   3.1067053e+02
   2.7188843e+02   4.8825352e+02
   2.7544897e+02   1.9289335e+02
   2.7769579e+02   3.6928706e+02
   2.7932810e+02   4.1458104e+02
   2.8035702e+02   1.8142974e+01
   2.9549658e+02   9.4309793e+01
   2.9922696e+02   4.5391312e+02
   3.0367242e+02   1.5244190e+02
   3.0425113e+02   2.1304835e+02
   3.0625748e+02   3.3710784e+02
   3.0947436e+02   2.7811012e+02
   3.1742006e+02   4.4241926e+01
   3.1829316e+02   3.9319944e+02
   3.3149232e+02   1.1888951e+02
   3.3145585e+02   1.8023591e+02
   3.3466538e+02   2.3844199e+02
   3.3479969e+02   4.3046924e+02
   3.3514553e+02   7.6577630e+01
   3.3695618e+02   3.1094006e+02
   3.3914615e+02   3.5708925e+02
   3.3788417e+02   4.8489494e+02
   3.4029976e+02   1.4198692e+01
   3.5503403e+02   2.7538234e+02
   3.5732192e+02   1.5333396e+02
   3.6848913e+02   4.5115399e+01
   3.6922180e+02   3.9531977e+02
   3.6916973e+02   4.5351829e+02
   3.7044991e+02   9.9264927e+01
   3.7029580e+02   2.1577625e+02
   3.7147031e+02   3.3326512e+02
   3.8963815e+02   1.3362245e+02
   3.8962427e+02   1.8031777e+02
   3.9047574e+02   2.5421302e+02
   3.9062459e+02   2.9537100e+02
   3.9324174e+02   1.8440495e+01
   3.9676845e+02   3.6943569e+02
   3.9648416e+02   4.2733144e+02
   3.9809972e+02   7.5628094e+01
   3.9842410e+02   4.8066057e+02
   4.1608239e+02   3.3186953e+02
   4.1623038e+02   2.1708089e+02
   4.1817129e+02   1.5403825e+02
   4.2158435e+02   4.5667853e+01
   4.2882271e+02   2.7227477e+02
   4.2887111e+02   4.5319588e+02
   4.2972579e+02   1.0304573e+02
   4.3333853e+02   3.8803862e+02
   4.4782567e+02   3.1066826e+02
   4.5378137e+02   6.2716863e+00
   4.5346215e+02   1.9355027e+02
   4.5524727e+02   1.4293054e+02
   4.5549826e+02   2.3860915e+02
   4.5677378e+02   6.3934619e+01
   4.5704395e+02   4.2117868e+02
   4.7335999e+02   2.7801207e+02
   4.7491518e+02   4.5391074e+02
   4.7503672e+02   3.3737173e+02
   4.7648357e+02   1.0309217e+02
   4.7958293e+02   3.8721891e+02
   4.8726796e+02   3.8632701e+01
   4.9240079e+02   2.1654002e+02
   5.0196147e+02   2.5457485e+02
   5.0762457e+02   6.8670105e+00
   5.0668254e+02   2.9821444e+02
   5.0752568e+02   1.3479433e+02
   5.0663544e+02   1.7644355e+02
   5.1127877e+02   7.8083353e+01
   5.1368103e+02   4.3051668e+02
   5.1382366e+02   4.7408868e+02
   5.1495983e+02   3.5647710e+02
   5.3186169e+02   3.9512448e+02
   5.3476759e+02   3.9053349e+01
   5.3449470e+02   2.7127737e+02
   5.3548402e+02   2.1748701e+02
   5.3967028e+02   3.2823644e+02
   5.4522044e+02   1.0357973e+02
   5.4649172e+02   1.6084829e+02
   5.6287376e+02   4.8426717e+02
   5.6351731e+02   4.3128452e+02
   5.6422555e+02   6.5569512e+01
   5.6395701e+02   3.6880194e+02
   5.6831031e+02   2.7718099e+00
   5.6769697e+02   2.9745141e+02
   5.6963934e+02   2.5264859e+02
   5.7044628e+02   1.9472076e+02
   5.7330101e+02   1.3572216e+02
   5.8891143e+02   4.0197662e+01
   5.9080786e+02   3.3732747e+02
   5.9145722e+02   3.9521323e+02
   5.9127864e+02   9.7038380e+01
   5.9426031e+02   4.5376124e+02
   6.0341598e+02   2.1300898e+02
   6.0541867e+02   2.7310532e+02
   6.0712472e+02   1.6253689e+02
   6.2247031e+02   2.3958832e+01
   6.2347597e+02   4.9225890e+02
   6.2177189e+02   3.1159361e+02
   6.2383491e+02   4.2674518e+02
   6.2293490e+02   1.2367774e+02
   6.2478414e+02   6.8136490e+01
   6.2826621e+02   3.7431321e+02
   6.3070511e+02   2.3789981e+02
   6.4721292e+02   1.6446734e+02
   6.4802011e+02   2.7914564e+02
   6.4829116e+02   3.3348745e+02
   6.5206094e+02   4.5438743e+02
   6.5917606e+02   1.0623522e+02
   6.6091179e+02   2.1359348e+02
   4.6798384e+01   5.9597004e+00
   1.9864804e+01   4.7826391e+01
   4.5495141e+02   4.9129215e+02
   7.7095481e+00   3.3779855e+02
   5.2469913e+00   3.9311349e+02
   2.1026936e+01   4.4600144e+02
   3.9018076e+01   4.8323827e+02
   1.0322805e+02   4.9165372e+02
   6.6324736e+02   4.4517415e+01
   6.6201325e+02   3.9727424e+02
