   5.7242812e+00   2.1571436e+02
   8.3415897e+00   3.2755239e+02
   8.5678074e+00   9.6188095e+01
   2.8579394e+01   1.7868534e+02
   2.8882083e+01   2.4939506e+02
   2.8886635e+01   2.9196121e+02
   2.9622988e+01   1.3112915e+02
   3.0749359e+01   3.6093925e+02
   3.2453806e+01   4.3142223e+02
   3.3357582e+01   5.6764278e+01
   3.6739881e+01   1.3999431e+01
   5.2786264e+01   2.1530083e+02
   5.2790166e+01   3.9247902e+02
   5.3635095e+01   9.4985223e+01
   5.7232956e+01   3.2776690e+02
   6.3848824e+01   1.5296357e+02
   6.5210814e+01   2.7586758e+02
   6.9209652e+01   4.5046724e+02
   7.0337926e+01   3.7143082e+01
   8.7404833e+01   1.8570392e+02
   8.7758512e+01   2.4326065e+02
   8.8555387e+01   1.1515290e+02
   8.8380855e+01   3.6118902e+02
   9.0312956e+01   7.1174592e+01
   8.9482607e+01   4.1419611e+02
   9.2551093e+01   3.0734867e+02
   9.5875417e+01   2.4715625e-01
   1.1213225e+02   2.1379093e+02
   1.1281521e+02   1.5196730e+02
   1.1528672e+02   2.7293317e+02
   1.1334113e+02   3.6202819e+01
   1.1439821e+02   4.5041321e+02
   1.2258841e+02   3.9263326e+02
   1.2517415e+02   3.3043320e+02
   1.2691762e+02   9.6128368e+01
   1.4559342e+02   2.4277867e+02
   1.4627909e+02   1.7826369e+02
   1.4679275e+02   3.6285984e+02
   1.4717214e+02   5.7919942e+01
   1.4893585e+02   2.9762583e+02
   1.4725952e+02   1.2953657e+01
   1.5094488e+02   1.3195664e+02
   1.4877678e+02   4.2936643e+02
   1.5235413e+02   4.7451424e+02
   1.7122131e+02   2.1086135e+02
   1.7308939e+02   9.3592185e+01
   1.7578603e+02   3.3424846e+02
   1.7501741e+02   3.9286129e+02
   1.8131990e+02   2.6839227e+02
   1.8384707e+02   1.5582386e+02
   1.8502833e+02   3.5494078e+01
   1.8874513e+02   4.5060434e+02
   2.0557477e+02   1.1741918e+02
   2.0649720e+02   3.0535006e+02
   2.0849551e+02   1.8791718e+02
   2.0862853e+02   3.6543633e+02
   2.1039412e+02   7.1939095e+01
   2.1197305e+02   2.3613186e+02
   2.1103701e+02   4.1580928e+02
   2.1392540e+02   4.9036666e+02
   2.2821894e+02   3.4962915e+01
   2.2882838e+02   1.5131154e+02
   2.3385812e+02   2.7326666e+02
   2.3582918e+02   4.5087731e+02
   2.3773642e+02   3.3335742e+02
   2.4190004e+02   9.8231587e+01
   2.4266966e+02   2.0984650e+02
   2.4543087e+02   3.9268235e+02
   2.6279769e+02   5.8242943e+01
   2.6601881e+02   1.2971540e+02
   2.6672700e+02   1.7466242e+02
   2.6733719e+02   1.1990710e+01
   2.6752952e+02   2.4560576e+02
   2.6772040e+02   2.9945500e+02
   2.7153987e+02   3.5618984e+02
   2.7184060e+02   4.3153079e+02
   2.7294845e+02   4.7740021e+02
   2.8757567e+02   9.3182931e+01
   2.8990414e+02   2.1005929e+02
   2.9368046e+02   3.9252661e+02
   3.0065252e+02   3.2831079e+02
   3.0112830e+02   3.7412809e+01
   3.0195521e+02   1.5118413e+02
   3.0254948e+02   2.7116491e+02
   3.0873258e+02   4.5077070e+02
   3.2343981e+02   1.1484688e+02
   3.2304824e+02   1.8711930e+02
   3.2297810e+02   2.3182222e+02
   3.2312749e+02   2.5413333e+00
   3.2609103e+02   6.9877047e+01
   3.2935729e+02   3.6591087e+02
   3.3069705e+02   3.0206846e+02
   3.3139970e+02   4.1426292e+02
   3.3034432e+02   4.9043954e+02
   3.4841127e+02   2.6789726e+02
   3.5062653e+02   1.5106429e+02
   3.5266491e+02   4.5057925e+02
   3.5475848e+02   3.4011901e+01
   3.5510196e+02   3.3419823e+02
   3.6075652e+02   2.1082489e+02
   3.6242087e+02   9.5680155e+01
   3.6604672e+02   3.9065468e+02
   3.8329849e+02   2.4569627e+02
   3.8307929e+02   2.9769942e+02
   3.8474460e+02   6.3546487e+01
   3.8650579e+02   1.7787517e+02
   3.8892710e+02   1.2704129e+02
   3.8865877e+02   4.2830718e+02
   3.8946170e+02   4.7512792e+02
   3.9065579e+02   3.5066857e+02
   4.0745763e+02   3.4519219e+01
   4.0700106e+02   3.9179603e+02
   4.1018248e+02   2.1309034e+02
   4.1473023e+02   9.2179357e+01
   4.1779042e+02   1.5622952e+02
   4.1944006e+02   2.6761229e+02
   4.1928273e+02   3.2672999e+02
   4.2278071e+02   4.5018585e+02
   4.4281395e+02   5.8151260e+01
   4.4222736e+02   1.2502351e+02
   4.4203719e+02   1.8789878e+02
   4.4145064e+02   3.6907114e+02
   4.4386496e+02   4.1475225e+02
   4.4584741e+02   1.1418140e+01
   4.4548947e+02   2.9822945e+02
   4.4527087e+02   4.8997993e+02
   4.4814696e+02   2.3434741e+02
   4.6563409e+02   3.3356756e+02
   4.6703865e+02   9.2887098e+01
   4.6678735e+02   1.5703924e+02
   4.6820621e+02   4.4975557e+02
   4.7312925e+02   2.7042379e+02
   4.7659521e+02   3.9151061e+02
   4.8135542e+02   2.0912797e+02
   4.8317374e+02   3.3918894e+01
   4.9854315e+02   1.2488698e+02
   5.0089697e+02   6.9405410e+01
   5.0261083e+02   4.2240720e+02
   5.0305335e+02   3.6178442e+02
   5.0414347e+02   1.7265471e+02
   5.0382094e+02   3.0323976e+02
   5.0722113e+02   4.6892267e+02
   5.0718586e+02   2.4626622e+02
   5.2978610e+02   3.4966898e+01
   5.2820684e+02   2.0881258e+02
   5.2968241e+02   9.6178801e+01
   5.3192390e+02   3.3238477e+02
   5.3557676e+02   3.9137218e+02
   5.3619055e+02   4.4615491e+02
   5.3897381e+02   1.5176578e+02
   5.3815312e+02   2.7367638e+02
   5.5920933e+02   6.7257064e+01
   5.6210751e+02   6.8565868e+00
   5.6208582e+02   2.3286495e+02
   5.6411844e+02   1.1909961e+02
   5.6522482e+02   4.7832827e+02
   5.6464372e+02   1.8595871e+02
   5.6520580e+02   3.5771126e+02
   5.6558753e+02   4.2213620e+02
   5.6529375e+02   3.0893418e+02
   5.8903364e+02   3.8567355e+01
   5.8603081e+02   2.6994211e+02
   5.8946204e+02   3.9023938e+02
   5.9153753e+02   9.2601133e+01
   5.9379537e+02   1.5131602e+02
   5.9870307e+02   4.4474490e+02
   5.9763904e+02   2.1183384e+02
   6.0356842e+02   3.2892993e+02
   6.1805571e+02   8.7782794e+00
   6.2049116e+02   5.8705209e+01
   6.2099852e+02   1.1482243e+02
   6.2193351e+02   4.7501303e+02
   6.2209431e+02   4.1156916e+02
   6.2211372e+02   1.8368949e+02
   6.2286255e+02   2.4407186e+02
   6.2322187e+02   2.9083867e+02
   6.2312669e+02   3.6716581e+02
   6.4569838e+02   4.4232766e+02
   6.4630175e+02   1.5170592e+02
   6.4898754e+02   3.2943872e+02
   6.5428383e+02   3.5975449e+01
   6.5350091e+02   2.1009342e+02
   6.6072673e+02   9.4740930e+01
   6.6221125e+02   3.8648778e+02
   6.6205569e+02   2.7182803e+02
   2.2233846e-01   4.4102001e+02
   2.2233846e-01   3.8149181e+02
  -6.7960397e-01   2.7055289e+02
  -6.7960397e-01   1.5961397e+02
   2.2233846e-01   4.5067286e+01
   2.0857104e+02   8.7210693e-01
   4.9629067e+02   2.6759918e+00
   3.8264593e+02   8.7210693e-01
   9.4926294e+01   4.8611713e+02
   3.6300036e+01   4.7619577e+02
